17,34,63,25,75,43,64,60,64,80,32,49,29,62,40,80,81,30,95
26,20,6,39,73,8,23,40,14,5,23,88,78,88,95,98,79,55,15,38,34,95,9,35,111,101,3,49,120,113,23,80,22,58,47,84,40,54,16,26,43
0,22,50,88,20,81,72,106,36,76,74,99,67,103,25,45,109,25,83,12,94,71,17,55,24,65,51,41,31,16,35,98,79
1,6,10,35,51,121,34,72,51,110,118,89,87
5,30,52,58,40,115,84,102,57,104,56,106,19,56,90,5,116,18,79,14,47,21,32,36,81,98,29,31,31
30,29,73,12,44,3,94,102,31,19,60,31,113,91,13,98,37,4,98,110,103,8,90,99,13,43,70,2,100,71,43,32,43,86,55,48,102,57,104,79,34
24,3,102,76,46,71,96,31,59,50,118,27,69,10,37,82,111,72,86,24,86,110,49,109,23,31,13
18,23,102,121,22,107,31,114,65,100,2,39,90,51,113,49,84,16,113
13,29,82,105,58,76,113,97,71,35,92,40,18,66,37,6,121,42,112,3,61,50,52,26,16,91,5,2,26,43,25,103,36,78,18
21,0,39,72,74,105,62,29,96,41,17,116,118,119,20,8,56,101,102,35,41,46,70,66,58,113,89,21,25,107,33
28,17,45,91,8,104,65,108,106,50,21,113,109,87,16,112,61,57,2,32,42,18,94,98,77
4,22,109,8,78,106,111,15,33,35,103,118,62,43,20,116,69,108,55
12,18,31,6,42,104,55,18,101,87,7,78,17,64,82,79,61,96,12,86,81
14,2,37,99,81,15,100,71,68,99,25,43,27,116,59,114,91,100,65,110,29,65,43,112,12,115,18,111,22,119,16,90,28
20,6,77,79,56,103,84,15,107,48,40,7,114,58,59,11,22,87,64,19,16,6,14,6,97,75,119
15,5,105,2,24,34,85,8,18,99,62,52,24,59,103,52,29,73,53,107,61,37,30
11,22,48,83,55,82,42,60,43,68,120,108,19,73,27,65,72,94,94,64,72,114,60,17,59,104,107,25,104
8,14,16,33,93,7,44,6,75,68,76,67,115,94,91,4,44,29,116,14,96,69,56,65,9
19,0,9,80,47,53,41,49,91,40,102,28,68,93,27,30,93,103,32,119,93,20,31,95,35,65,78,12,104,42,17
3,38,15,98,4,82,43,120,81,33,59,46,74,8,119,90,36,35,93
29,15,89,99,101,32,71,117,44,56,96,68,17,10,92,96,118,42,109,79,26,121,54,108,118,21,62,59,28,100,46,97,51
22,27,59,30,27,17,25,107,8,34,117,82,101,73,41,38,65,79,88,12,98,24,89,16,50,16,46,95,39
27,19,15,51,95,33,73,46,58,93,92,21,58,40,11,3,71,48,12,105,3,10,107,56,81
6,15,108,121,114,118,11,52,119,119,15,78,32,22,21,82,48,31,23,78,104,116,85,116,73,62,2,117,7
2,35,52,114,29,48,6,43,119,113,71,109,10,47,90,36,16,55,72,102,43,102,16,25,51,47,112,66,21
16,37,93,88,46,91,76,29,32,15,88,4,8,43,37,5,108,20,8,55,61,45,6
9,30,80,62,82,120,84,105,120,60,74,37,76
7,12,69,52,4,54,43,3,22,66,6,9,113,65,49,37,24,23,49,100,14,106,102,102,18,97,88,32,21,19,20,73,64
23,21,114,36,35,26,62,114,97,31,15,48,38
10,14,59,31,53,57,83,16,96,117,85,81,55,114,24,51,114,83,92,38,92,114,101,99,90,105,73,36,21,40,106,22,80,85,14,10,77,4,11
25,15,39,62,54,55,36,101,74,39,51,80,14,119,88,116,39,100,82,107,76,21,91,22,100,57,79
